data/modeling/musgraves_dem.asc
ncols         556
nrows         267
xllcorner     128.86666666666667
yllcorner     -25.81667
cellsize      0.01666666666666669
NODATA_value  -9999
[rows 135 to 179 of 267, columns 0 to 95 of 556]
365 359 350 338 331 321 316 319 319 325 342 357 369 369 344 345 370 385 381 391 402 416 422 411 408 411 416 429 433 410 414 405 406 430 421 435 458 465 480 485 477 454 438 432 405 423 422 414 414 404 410 415 410 396 378 378 369 373 351 334 330 353 375 382 399 416 433 447 442 429 421 423 415 412 398 385 374 378 361 339 332 331 343 360 369 367 349 343 351 357 365 353 345 349 353 358
376 366 359 345 334 326 318 315 316 312 325 351 361 359 341 357 372 390 399 405 415 414 402 390 391 394 408 425 411 401 402 402 412 409 413 435 442 459 473 490 479 463 460 444 420 419 436 443 436 424 436 439 430 412 393 380 357 351 341 332 327 331 365 387 402 416 430 439 427 423 409 409 397 394 383 380 380 375 360 339 332 335 333 339 349 351 341 343 355 362 360 344 341 341 343 346
394 382 367 344 343 332 325 315 314 314 313 336 359 363 344 358 368 384 386 402 401 389 385 374 390 397 410 425 412 392 395 397 398 400 415 429 439 460 477 485 486 478 466 451 439 439 458 456 435 451 455 435 428 414 388 365 377 381 350 331 327 349 359 382 390 404 418 417 410 403 391 395 382 374 365 361 360 361 358 344 334 337 340 332 334 336 338 341 359 359 344 339 336 330 332 347
392 380 357 342 332 334 327 315 310 313 312 336 361 356 330 354 367 363 373 394 390 370 369 378 400 409 410 409 403 383 385 389 402 417 417 418 432 454 465 473 480 482 475 470 460 448 464 438 439 445 448 429 415 411 393 387 384 368 345 338 350 364 358 375 391 401 400 398 395 388 376 376 368 364 348 346 343 341 346 362 339 342 343 333 340 337 336 343 344 341 338 338 336 340 349 366
363 375 367 347 326 319 312 311 308 311 314 341 352 347 326 335 352 363 384 396 381 358 356 375 392 400 385 396 386 373 371 398 408 400 413 425 428 441 444 452 462 464 473 474 465 465 460 453 454 443 421 402 399 388 383 380 357 341 338 346 365 348 343 381 391 401 384 374 373 378 364 359 363 369 341 333 333 335 346 357 338 333 330 328 336 337 352 355 352 350 349 344 345 343 353 375
365 352 358 352 334 321 316 311 310 309 314 339 359 339 324 344 366 375 380 387 370 356 361 390 399 392 372 387 366 360 385 390 389 400 415 432 430 420 430 444 443 445 457 464 470 478 474 468 465 442 430 417 407 386 367 353 353 365 349 344 345 327 334 367 392 388 368 341 345 351 360 377 365 364 352 348 360 361 355 344 327 327 327 328 328 340 359 372 370 368 368 362 359 360 357 372
377 356 340 333 321 311 311 303 307 308 313 331 336 334 319 331 355 368 385 379 358 343 355 378 392 379 359 365 357 377 381 380 403 416 423 424 419 410 410 423 423 437 449 454 468 469 462 457 454 447 441 436 423 404 385 381 381 369 350 356 338 329 337 362 381 374 344 330 323 346 377 401 380 376 383 375 380 360 338 328 341 329 324 326 324 333 356 365 360 369 375 374 374 373 370 374
372 360 344 327 322 320 318 304 305 307 314 328 333 325 317 334 359 369 369 371 361 340 345 372 372 356 343 350 366 361 361 384 392 408 419 410 396 400 413 414 426 423 431 435 458 460 441 437 444 435 423 411 408 390 369 366 361 355 358 355 338 327 325 328 336 332 325 330 341 360 383 390 392 393 394 388 372 349 337 359 355 324 325 324 324 325 346 349 353 351 354 355 361 362 364 363
355 354 345 339 341 330 316 306 307 307 312 331 341 324 312 337 353 353 347 350 343 336 341 362 353 348 340 362 355 360 379 383 394 404 394 385 395 419 427 428 430 416 427 443 463 466 441 417 419 409 405 390 378 372 371 378 377 368 361 343 328 324 326 326 322 323 324 346 365 372 379 401 405 382 372 371 371 340 347 369 346 321 321 323 325 339 349 360 365 362 361 357 363 364 375 378
383 374 367 347 337 317 306 304 304 309 311 326 332 313 314 333 336 343 329 320 326 331 348 347 334 333 332 338 345 357 368 384 397 400 380 380 390 402 403 402 408 407 418 433 451 460 445 433 415 399 384 372 385 392 393 377 365 352 337 331 331 328 329 329 336 328 327 338 353 379 401 402 382 358 355 357 356 351 359 342 329 329 321 326 328 331 356 362 371 375 378 374 380 386 385 383
397 390 369 348 339 320 313 311 307 305 309 316 320 312 314 322 318 332 326 310 319 332 350 340 323 335 362 352 350 344 352 356 368 375 374 390 401 412 434 415 398 394 414 433 449 452 445 439 426 396 379 383 403 409 393 369 350 337 337 344 342 327 340 329 339 334 345 360 373 383 399 404 391 367 390 393 377 357 342 331 326 322 328 345 331 323 337 350 355 364 376 381 382 375 373 366
402 389 362 357 339 321 312 311 307 305 307 310 312 315 315 316 313 317 314 314 314 317 319 321 325 343 369 378 365 347 359 348 359 371 381 388 402 408 426 437 420 399 397 419 435 453 442 422 401 393 400 410 408 400 378 355 339 351 360 358 342 327 343 346 338 352 350 380 388 394 412 403 383 385 401 389 375 355 340 321 323 330 337 330 344 324 325 336 342 358 364 364 364 361 357 351
383 372 373 361 345 333 318 308 304 306 306 309 311 310 311 313 314 315 312 313 314 322 333 332 333 338 346 371 382 362 353 355 357 364 374 379 383 389 409 426 431 426 423 431 447 453 438 418 409 413 414 395 392 371 355 348 347 364 378 366 341 338 341 357 347 366 371 371 401 415 420 401 386 404 396 387 377 359 339 332 360 375 364 337 321 314 314 311 332 343 345 352 347 345 343 337
382 373 354 352 349 336 327 309 301 304 305 306 307 309 317 327 321 313 310 314 321 321 328 337 348 353 345 355 372 383 376 365 369 371 372 386 392 387 385 397 405 423 418 430 448 453 442 439 434 423 401 382 365 358 362 363 361 363 383 362 340 352 341 361 377 370 382 378 404 423 416 403 408 395 380 366 359 346 329 333 366 387 365 348 319 311 312 316 316 316 337 338 343 341 335 330
377 360 351 337 326 318 328 320 306 300 306 307 314 322 325 333 334 319 310 320 321 328 337 341 359 366 355 354 359 373 381 390 376 382 381 385 398 404 400 385 387 392 415 418 433 444 437 445 443 424 396 372 377 381 382 367 368 379 382 365 344 363 347 354 375 393 389 397 406 416 407 408 398 374 357 346 342 334 327 344 377 377 364 342 319 310 312 318 319 322 310 309 313 314 317 336
362 350 347 342 330 315 310 313 304 302 303 305 315 316 334 337 338 331 316 322 328 331 344 354 348 365 372 367 360 374 393 399 397 398 396 398 409 421 416 408 400 403 426 431 443 438 415 423 427 415 388 371 389 398 388 372 372 391 391 369 347 359 361 366 384 385 403 419 422 406 397 381 369 341 346 353 339 351 360 366 384 385 367 345 330 312 315 336 354 342 311 302 302 302 305 320
378 367 355 348 341 324 315 305 298 301 303 310 321 323 328 348 352 346 331 340 339 341 344 367 358 368 382 393 380 378 393 402 398 403 402 414 418 405 400 411 411 414 417 416 434 427 404 395 419 424 395 373 384 403 396 383 375 391 400 370 346 366 386 371 394 399 420 411 393 384 369 353 335 347 375 368 350 381 387 384 371 368 353 332 315 314 320 328 348 356 332 302 300 301 301 303
392 376 357 343 328 321 311 309 297 301 307 313 323 333 332 350 362 358 350 350 353 349 350 358 372 379 383 401 405 392 384 382 383 385 398 400 398 385 397 400 393 398 394 412 430 419 405 380 400 421 409 386 378 394 412 404 388 389 394 361 343 358 383 398 391 414 425 413 386 356 353 349 343 360 391 383 357 383 394 381 364 347 327 309 302 307 330 350 348 338 325 306 304 300 301 305
371 368 350 340 323 309 301 301 297 303 318 324 330 339 344 346 362 367 362 358 363 359 366 363 380 388 399 394 391 384 376 367 373 388 391 391 386 375 382 380 384 395 407 423 415 403 391 377 391 414 422 404 386 398 422 425 407 390 382 358 347 355 374 390 403 415 421 398 380 381 372 358 374 370 399 389 380 388 374 348 346 340 323 325 310 319 336 356 348 349 331 320 314 295 299 304
357 355 348 325 314 303 299 298 294 304 315 327 342 353 357 362 363 376 384 377 383 376 369 374 372 373 379 371 372 377 365 360 383 390 380 381 370 382 380 388 396 398 402 399 399 386 374 374 397 418 428 416 409 406 407 428 416 399 394 369 354 364 379 383 409 427 426 400 402 385 377 374 395 389 398 384 382 365 332 341 352 333 354 333 333 349 355 366 358 339 323 316 312 297 296 299
363 340 337 320 313 309 301 294 293 306 320 330 342 349 360 376 371 370 374 381 370 355 352 368 355 365 363 362 362 371 365 354 367 363 358 364 366 372 381 383 388 378 380 380 371 371 365 371 394 416 429 424 416 424 420 434 428 408 387 374 370 388 374 392 404 420 433 425 416 407 396 390 406 390 366 359 348 336 337 365 367 345 359 338 355 369 369 357 336 328 312 300 297 294 292 294
351 336 321 314 324 319 300 293 294 308 325 331 338 347 358 361 355 353 357 371 358 337 348 357 346 351 351 344 346 354 352 343 346 352 368 377 380 379 382 376 360 365 366 353 355 359 370 382 404 410 412 401 396 423 439 443 431 413 394 398 380 398 388 393 407 429 435 422 408 414 413 414 393 380 387 378 360 345 366 365 363 364 368 357 372 367 356 349 347 338 324 298 295 292 290 291
344 344 331 318 312 300 300 291 297 306 317 325 334 347 345 341 341 345 353 351 346 336 335 341 328 329 333 326 330 335 336 338 346 364 378 387 387 384 371 358 347 349 348 346 367 372 381 398 405 389 387 381 396 412 439 442 433 417 411 414 395 401 407 415 413 429 434 420 411 392 400 412 404 402 405 394 381 367 386 381 372 371 387 387 387 375 370 363 355 339 325 302 310 293 290 288
340 331 335 320 308 306 307 292 295 305 313 320 333 328 323 327 338 343 336 336 336 330 317 317 314 315 319 324 336 349 357 346 362 358 365 379 381 370 350 344 332 333 336 347 353 361 370 394 404 381 372 381 407 422 436 426 413 426 430 422 420 412 422 419 410 421 427 425 413 395 384 409 413 395 390 380 383 384 385 390 383 380 382 391 382 367 356 338 332 327 321 305 294 293 292 288
336 318 321 313 302 300 308 306 290 303 314 321 315 309 320 326 327 322 313 313 314 311 311 320 317 329 335 332 343 349 363 355 361 372 373 377 363 353 343 329 335 338 351 359 361 371 381 397 399 375 362 381 392 412 425 413 398 415 415 416 406 392 407 411 389 395 415 423 412 393 374 393 404 399 379 364 352 356 356 366 373 369 362 369 383 393 379 358 348 329 312 304 305 310 298 286
346 320 303 300 292 299 312 311 289 294 305 312 301 307 310 307 305 303 302 301 305 311 316 329 324 333 344 338 346 353 361 363 364 373 373 360 350 336 327 335 344 344 345 354 370 382 389 393 372 360 361 373 391 409 421 412 396 395 394 395 384 377 394 401 382 379 402 410 400 389 371 371 396 401 389 374 345 335 343 334 341 339 338 355 380 395 382 354 334 336 327 332 333 320 306 300
335 330 310 298 294 309 315 319 293 290 295 301 294 300 301 305 300 300 304 305 306 314 326 335 332 335 339 349 339 358 368 372 370 369 362 347 337 326 321 326 327 341 356 362 376 378 390 372 358 354 365 378 398 419 423 409 392 375 373 373 367 368 375 373 369 368 387 392 396 388 374 367 362 374 371 348 353 378 365 350 330 339 325 339 371 385 380 367 357 362 344 333 324 315 320 308
312 314 305 298 300 317 328 325 300 289 290 293 297 300 301 296 299 305 307 313 308 313 321 336 335 345 343 353 350 361 360 358 360 350 347 334 330 322 312 322 323 329 336 350 354 364 368 357 344 355 363 377 391 403 419 410 390 380 367 367 366 365 370 377 367 360 372 373 391 402 396 386 378 363 346 349 365 391 385 369 361 342 318 333 357 370 386 383 373 360 359 344 328 307 297 290
293 301 292 295 305 322 330 318 311 305 289 291 295 300 298 295 297 302 313 318 315 313 311 319 327 342 347 339 342 353 350 343 345 347 331 327 319 313 308 315 320 330 337 340 342 345 340 338 343 357 365 365 376 393 416 420 410 387 368 359 361 351 361 379 374 358 353 364 374 387 404 393 377 363 358 365 382 385 377 372 361 338 317 314 345 346 355 373 381 374 352 340 325 314 299 284
295 290 294 305 313 322 314 309 308 310 297 289 292 296 305 300 297 296 305 313 311 306 304 309 318 329 334 324 334 338 347 337 334 341 324 310 306 309 313 310 308 312 318 320 322 325 327 333 344 349 354 368 382 398 412 416 403 388 374 371 363 349 346 351 366 365 346 361 361 375 394 392 393 384 373 380 382 364 353 341 333 321 311 311 333 331 358 367 366 368 357 345 331 319 300 282
310 306 308 306 307 313 308 299 297 301 305 286 289 297 304 302 301 294 296 295 297 305 299 300 310 315 322 314 319 321 328 320 325 324 311 303 306 311 322 316 314 314 319 322 325 323 334 347 357 365 361 367 385 403 405 408 407 393 388 382 367 368 361 345 334 345 342 347 349 370 375 373 378 381 383 390 382 358 352 348 338 327 315 305 310 332 353 362 348 350 341 334 332 313 294 283
309 312 303 304 310 315 310 302 304 310 295 279 293 305 309 304 311 303 298 294 300 304 294 297 299 313 307 302 303 310 306 310 311 303 302 307 309 315 323 330 319 321 320 329 337 334 329 333 339 357 362 365 376 390 399 404 402 403 400 392 387 377 360 346 338 329 325 324 335 348 355 350 356 366 377 385 371 354 342 327 319 323 313 302 305 329 343 349 333 329 332 313 317 319 300 285
316 310 303 307 314 315 305 306 306 312 284 290 298 312 313 318 325 305 297 293 307 309 301 296 300 303 297 297 303 301 302 304 307 304 300 306 313 319 321 338 326 328 326 332 344 346 337 344 348 342 357 370 384 394 395 386 384 383 382 387 389 383 367 369 354 344 327 316 317 329 337 347 337 341 353 368 377 355 338 346 338 335 329 315 292 306 316 327 326 307 318 305 302 310 307 298
309 301 304 311 315 312 305 313 312 288 289 294 305 317 311 318 317 311 300 295 301 300 298 293 294 292 299 292 296 297 299 310 321 309 297 305 307 320 329 336 336 332 336 333 346 355 347 342 347 349 363 383 390 391 387 381 370 358 360 365 369 363 374 371 356 341 324 311 301 305 319 332 339 349 344 366 380 372 354 349 336 327 313 294 288 283 287 313 319 302 301 294 293 297 292 283
302 301 310 323 310 305 310 319 311 275 290 296 303 309 309 307 301 300 294 296 296 302 302 309 295 298 307 298 295 295 305 318 325 316 310 307 307 313 318 327 339 345 348 338 344 362 363 353 360 363 366 380 377 379 372 375 372 353 344 341 355 346 365 371 360 338 319 308 302 305 327 339 352 369 361 357 372 354 353 326 315 306 299 301 291 285 276 283 293 292 287 284 285 296 282 278
288 295 300 305 297 301 310 307 312 289 289 300 312 315 317 308 304 298 295 302 295 304 313 307 295 299 308 309 311 305 302 305 316 325 320 313 314 318 325 331 340 355 363 356 353 373 386 376 380 384 384 379 366 361 362 358 360 357 336 326 335 335 352 344 347 332 317 309 303 302 314 332 343 356 377 370 365 342 326 313 310 306 312 303 290 295 285 277 285 280 275 274 273 271 272 269
297 300 309 307 302 310 306 306 311 294 286 306 315 322 316 310 303 304 305 314 304 313 315 301 303 301 303 312 316 315 316 316 320 329 319 316 322 332 330 343 358 371 384 381 376 389 390 381 374 371 376 367 355 348 342 338 341 348 352 336 322 329 345 330 334 335 316 308 302 321 319 326 346 367 383 383 358 341 324 322 323 325 315 304 301 298 290 290 291 282 277 274 273 272 270 268
297 308 318 312 308 310 313 305 286 282 294 308 317 316 309 302 299 303 307 309 307 312 307 300 306 308 304 306 312 307 309 319 324 331 324 324 337 352 346 358 372 374 375 383 389 393 376 358 349 352 366 374 376 363 354 340 330 326 337 333 319 322 337 341 323 328 321 306 303 323 336 332 352 364 373 371 374 348 332 327 343 334 327 309 304 299 294 297 291 289 281 282 277 273 269 270
303 311 328 317 312 313 311 301 276 288 301 314 319 310 304 305 305 299 304 316 310 316 311 307 306 308 303 305 307 302 308 310 314 328 331 331 345 360 363 376 372 360 368 380 389 385 364 345 336 337 346 360 362 364 362 359 344 326 318 313 306 303 316 337 328 311 306 299 307 315 334 339 347 365 358 368 377 356 337 337 352 343 318 310 306 301 301 294 286 288 284 284 281 276 268 266
309 319 332 322 314 309 299 289 277 290 303 314 311 311 304 300 295 298 306 316 315 315 309 312 314 305 304 297 300 316 320 317 312 321 327 338 349 363 376 373 362 347 367 383 383 371 352 337 327 329 330 347 339 348 350 347 349 342 336 325 315 302 299 312 327 315 302 306 311 322 323 335 334 341 357 372 371 360 352 357 347 325 316 311 309 302 298 296 290 287 286 285 275 269 262 260
315 316 330 327 313 310 290 271 285 297 302 298 299 298 294 294 288 293 306 319 317 322 322 320 312 303 304 303 300 309 320 326 316 324 335 337 353 372 375 356 346 344 355 359 360 351 342 326 317 322 330 337 333 325 331 326 344 338 336 336 320 322 306 298 297 295 291 311 318 321 336 339 330 338 359 357 342 350 368 353 339 326 317 312 309 315 310 298 295 289 282 285 277 271 261 266
325 324 327 318 307 309 288 273 293 304 307 305 305 301 292 289 294 289 296 303 317 321 329 326 318 318 312 313 306 312 319 332 322 324 345 354 359 374 371 363 347 336 330 340 348 331 333 328 309 317 312 312 313 309 308 320 332 322 321 343 338 324 315 315 305 298 283 294 313 318 333 330 325 332 341 328 326 339 362 351 333 324 313 310 317 324 306 305 303 298 295 288 281 275 275 268
336 334 319 305 303 305 281 281 299 314 311 312 310 308 292 297 296 282 289 297 303 308 317 319 325 328 322 318 321 323 323 331 328 330 337 357 369 375 376 370 362 351 330 335 340 319 314 311 300 301 299 297 298 297 300 304 310 316 310 329 325 333 331 325 316 305 287 290 315 329 335 321 322 327 327 318 321 340 360 356 338 329 315 305 304 304 297 292 296 301 302 292 285 274 263 267
344 332 310 304 302 290 280 287 305 316 314 315 307 310 301 296 265 283 299 306 304 300 308 308 313 326 337 335 339 344 342 339 343 343 341 349 362 374 367 357 349 339 324 319 324 317 305 301 305 305 305 312 307 301 301 290 291 297 306 315 306 329 320 313 314 298 286 287 300 310 326 323 308 320 313 315 329 345 356 346 330 330 325 316 300 295 294 294 292 298 290 285 278 267 267 267
351 332 311 308 309 289 278 296 312 317 314 311 300 303 304 294 268 278 293 298 307 316 311 299 305 321 323 333 333 330 329 332 345 353 362 366 369 374 366 362 353 330 315 311 310 310 306 308 322 309 317 319 306 311 304 291 289 286 296 302 304 321 321 306 296 287 281 296 305 316 332 323 306 320 307 312 321 335 341 328 317 312 314 318 302 292 287 283 284 282 276 273 266 265 262 262
