data/modeling/musgraves_dem.asc
ncols         556
nrows         267
xllcorner     128.86666666666667
yllcorner     -25.81667
cellsize      0.01666666666666669
NODATA_value  -9999
[rows 180 to 224 of 267, columns 384 to 479 of 556]
101 101 101 100 99 98 98 98 97 97 96 97 96 97 98 99 104 109 117 127 125 119 123 123 117 112 114 119 124 129 131 134 138 143 147 152 156 162 167 158 149 142 133 128 123 121 119 117 113 113 113 120 111 111 116 116 117 112 108 102 99 100 97 90 85 88 96 92 88 80 74 71 67 64 61 60 56 54 51 49 52 53 52 49 46 41 35 35 40 39 42 32 29 23 16 4
100 100 100 100 99 98 98 97 97 96 96 96 96 96 97 98 99 101 105 112 127 125 124 123 119 114 112 119 125 127 131 133 137 140 144 150 152 157 159 151 143 137 132 124 119 118 116 114 112 112 108 113 109 107 113 113 109 105 104 101 94 90 89 85 81 84 88 91 92 86 78 70 66 64 62 59 57 54 50 49 47 47 46 44 42 40 37 42 45 40 41 42 37 23 16 7
105 105 102 99 98 98 97 97 98 97 96 96 96 96 96 98 96 96 99 102 111 126 125 122 119 112 114 122 123 126 128 131 133 138 142 144 148 151 149 141 135 131 128 124 120 117 112 110 110 111 107 104 103 101 106 108 104 103 99 94 91 87 84 82 78 82 89 89 88 86 83 71 68 66 61 58 55 53 51 49 48 48 51 53 51 48 48 50 47 38 31 40 43 32 25 7
114 115 110 103 101 98 97 98 100 97 96 96 96 96 96 96 96 96 96 99 104 120 124 121 119 112 111 119 120 123 126 129 132 137 139 140 143 146 145 139 132 126 123 119 116 113 110 107 107 105 106 104 100 98 101 101 98 97 98 94 86 82 80 79 77 79 86 82 81 80 79 72 69 67 69 65 57 55 52 49 49 48 51 53 56 46 36 31 33 34 27 33 43 41 35 16
114 114 111 109 109 107 101 101 103 98 96 96 96 97 97 98 97 95 97 97 103 115 122 125 119 111 110 113 114 119 124 129 130 130 137 139 136 138 133 130 124 118 118 117 113 109 107 104 104 102 100 101 96 95 96 91 92 93 94 95 87 84 79 75 74 75 79 67 73 77 76 73 68 69 66 62 58 54 52 49 47 45 46 49 50 35 24 20 21 23 24 28 39 41 34 23
117 115 113 112 114 112 109 106 105 101 97 96 97 97 98 98 96 96 95 97 101 111 118 127 129 123 114 112 113 119 124 127 130 127 131 135 133 127 121 118 114 111 110 111 110 105 101 102 100 100 96 97 94 92 92 90 89 89 88 88 86 87 87 76 74 76 79 67 73 77 75 71 72 72 69 66 67 61 56 54 48 44 42 44 48 42 27 20 18 19 21 25 33 36 36 34
121 119 116 116 116 114 112 111 106 101 99 98 99 99 99 100 99 96 95 95 98 110 120 124 128 129 124 113 112 114 121 124 123 120 125 129 125 118 114 110 107 104 104 105 105 103 98 97 98 96 94 93 91 89 88 86 85 84 83 83 83 83 82 80 75 75 76 78 78 75 72 73 81 82 74 70 67 62 62 57 52 51 43 39 39 39 40 34 20 17 18 23 31 36 36 39
122 121 118 118 117 117 117 117 107 101 100 103 104 102 100 100 99 97 95 95 101 111 116 120 123 127 126 114 115 113 120 120 118 114 117 121 120 115 110 106 103 102 101 99 98 96 95 94 94 92 91 90 90 90 91 91 87 84 81 79 80 84 87 79 70 68 75 80 77 73 70 73 81 84 77 73 68 66 61 58 57 52 46 39 35 34 36 36 18 17 18 25 31 35 38 37
123 121 119 121 121 121 119 118 109 101 103 107 105 106 103 98 99 99 98 98 102 110 114 117 117 120 124 118 115 111 111 111 109 107 109 111 108 106 106 104 100 101 103 101 100 98 100 99 98 95 96 98 99 100 98 93 86 87 86 79 79 81 84 79 66 65 76 73 67 64 71 72 72 79 79 74 71 69 67 64 59 54 48 44 38 30 31 30 23 25 31 27 31 35 38 35
124 122 120 121 121 119 119 121 117 110 106 105 103 106 107 101 100 103 103 100 101 105 107 109 112 113 116 113 112 109 106 107 106 105 105 103 100 100 103 101 100 105 109 106 103 101 104 103 103 102 102 107 109 102 98 93 90 88 84 78 78 79 81 82 77 63 61 58 56 63 63 61 67 71 75 76 66 63 66 61 53 54 50 44 33 27 27 23 20 27 32 34 37 37 41 41
124 122 120 120 119 120 122 123 118 113 108 106 106 104 106 108 108 107 107 102 107 110 109 104 106 106 110 109 109 112 112 115 113 111 109 108 110 111 106 104 102 106 113 109 104 104 108 108 109 110 110 113 110 103 97 93 89 88 84 77 75 77 79 81 76 68 61 52 51 57 60 63 70 79 77 72 66 60 56 51 46 46 53 39 34 26 25 25 22 24 29 35 44 46 41 44
117 117 116 116 119 121 118 114 110 111 113 114 109 107 108 109 113 108 106 106 109 109 109 106 106 109 111 116 119 122 126 125 118 119 121 121 120 118 113 109 104 105 114 114 107 108 117 119 114 116 113 109 105 101 97 93 89 86 82 76 73 75 78 81 80 65 55 51 50 54 65 76 79 79 79 79 73 74 68 60 55 44 40 36 33 29 25 23 21 22 28 35 43 48 33 38
119 117 115 114 114 113 113 113 116 119 120 117 116 114 114 111 109 108 110 109 110 110 112 111 109 111 117 125 130 131 129 126 121 125 128 129 125 119 119 114 106 108 116 114 109 111 118 127 118 116 114 110 107 102 97 93 89 85 81 75 71 73 75 78 81 64 52 51 50 56 71 80 79 82 79 77 81 73 63 60 56 49 41 36 33 29 27 22 19 19 24 32 40 47 38 40
117 117 115 116 115 117 116 113 119 122 121 119 119 116 112 111 113 113 112 112 115 115 114 111 113 120 124 127 128 128 127 126 124 126 125 125 125 125 118 110 106 110 117 114 109 112 118 123 122 111 111 109 107 103 99 93 87 82 77 72 69 70 72 75 79 72 59 52 54 65 73 75 73 78 69 68 81 76 71 70 62 50 41 37 34 30 28 27 21 18 20 29 39 44 46 48
117 116 115 115 115 119 116 114 115 117 117 117 115 113 110 112 114 113 111 112 114 113 112 113 119 125 128 129 128 127 128 124 126 124 125 130 134 124 115 108 111 113 118 122 117 112 116 115 115 107 106 107 105 101 95 89 84 80 78 70 66 68 69 72 75 73 63 62 62 68 72 71 70 69 64 65 75 64 59 56 62 58 46 40 35 32 29 31 28 22 21 29 36 39 40 40
119 117 116 115 116 116 116 117 115 114 113 114 113 112 112 114 116 113 112 112 113 112 114 117 123 128 132 133 131 130 126 123 124 127 131 134 134 124 113 109 117 119 120 126 119 114 112 110 105 102 100 98 98 93 89 85 83 80 78 73 65 66 68 67 68 68 61 61 60 63 66 69 69 69 65 59 60 56 51 50 52 60 51 42 37 32 32 32 29 27 26 25 31 34 36 38
123 122 119 118 119 118 119 120 121 119 116 114 113 113 114 116 120 117 115 116 114 114 116 120 125 130 134 134 132 130 129 127 124 130 135 132 129 121 110 112 117 121 124 122 117 118 111 113 104 100 98 93 94 92 90 86 83 80 77 69 64 63 64 64 64 64 63 61 59 61 60 59 58 58 59 56 56 51 47 47 54 57 51 43 38 35 33 31 30 31 24 21 28 30 32 35
127 122 124 121 120 122 121 122 121 119 117 115 115 115 116 118 121 119 122 122 117 116 118 122 128 134 135 136 132 130 130 130 126 131 135 131 127 118 110 115 119 121 119 120 119 119 114 104 100 96 95 93 94 94 89 85 82 78 75 66 63 61 62 65 61 63 61 61 58 57 54 53 53 52 49 49 47 46 45 45 46 48 45 42 40 36 33 32 33 32 26 25 25 26 29 29
128 125 122 122 125 125 122 121 120 118 118 118 118 117 122 120 121 120 124 128 124 121 119 125 130 134 136 134 132 131 129 127 129 134 132 127 125 117 111 117 119 119 117 116 113 111 113 109 98 95 93 93 95 91 88 85 81 77 75 67 63 59 63 66 61 59 61 60 56 57 57 53 47 47 46 47 46 43 41 42 42 40 39 37 36 35 34 33 32 31 31 30 28 25 25 24
127 125 124 127 128 126 124 123 121 121 120 120 120 123 122 122 123 124 127 129 128 124 121 127 131 132 132 132 130 128 128 130 130 130 128 123 118 112 114 120 122 123 117 113 108 105 107 100 94 95 92 91 88 86 83 82 78 75 71 66 63 59 58 60 59 55 58 54 52 52 49 46 47 46 43 43 41 41 37 38 39 38 37 36 36 35 34 33 32 32 31 30 29 26 23 23
126 125 128 130 131 127 126 123 124 123 122 123 126 126 123 127 128 133 130 131 129 124 122 130 132 131 130 130 129 130 133 131 129 124 118 116 117 117 113 119 120 119 118 113 106 100 103 101 93 90 90 90 87 81 80 80 76 73 72 66 63 60 56 54 56 56 53 50 49 48 46 46 47 45 43 40 48 46 41 36 36 39 38 35 33 33 35 34 32 30 30 29 28 25 23 23
127 129 131 132 134 132 130 126 127 127 125 130 128 127 125 126 131 138 132 132 127 122 126 131 132 130 129 130 128 131 132 127 120 120 121 122 121 119 115 118 117 115 111 106 105 99 95 93 93 90 86 84 83 81 79 80 76 74 71 68 63 60 56 59 72 63 65 58 58 61 54 55 53 52 55 43 46 49 41 38 34 35 36 36 36 34 31 33 32 31 31 29 27 23 22 23
134 132 133 133 134 135 132 127 131 131 128 132 129 129 125 123 131 136 130 125 125 126 130 133 133 130 130 129 127 126 125 121 123 128 126 124 122 120 117 118 113 109 106 106 100 97 98 99 95 93 90 84 81 78 76 76 76 73 71 68 63 60 57 63 70 65 62 67 67 62 66 69 58 58 59 45 52 52 40 36 35 32 33 34 37 36 34 31 28 29 30 29 23 15 17 21
137 136 138 138 136 133 130 132 135 131 133 132 130 133 125 124 128 129 125 129 127 126 131 133 134 131 130 128 126 125 125 121 124 128 127 125 123 120 117 116 114 109 105 100 100 102 100 100 94 92 89 84 81 80 79 74 72 70 69 67 62 60 58 59 68 74 65 66 71 68 71 67 64 67 56 52 55 47 41 37 34 33 30 30 32 35 35 33 29 26 27 28 16 11 12 17
139 139 137 136 132 132 135 136 135 133 138 133 134 130 125 126 128 127 127 129 128 129 129 132 131 130 129 126 126 126 125 122 125 127 127 126 124 118 116 118 112 108 103 103 103 101 101 101 93 89 87 85 85 81 76 73 70 68 66 65 64 65 68 64 61 73 69 67 76 81 74 68 62 68 60 61 51 44 46 44 38 35 31 29 27 29 33 33 31 26 24 24 21 16 14 11
141 138 136 134 134 138 139 138 135 136 141 135 135 129 127 127 128 128 130 133 130 129 129 132 132 132 130 128 128 127 124 123 125 128 127 123 119 120 119 120 112 108 105 106 106 104 103 104 97 91 93 88 85 78 74 73 71 73 68 68 76 74 68 63 61 64 75 72 71 70 67 64 55 55 54 58 52 46 50 51 52 47 38 31 28 25 26 30 30 29 25 21 22 22 22 19
139 138 139 138 135 137 140 139 136 138 144 138 135 130 129 130 131 133 137 136 132 131 131 133 133 134 132 130 129 126 124 126 126 125 123 122 121 121 120 123 119 110 106 109 111 110 107 100 96 96 97 94 89 82 80 80 79 73 70 71 79 74 69 73 69 69 74 74 64 59 57 53 51 48 47 48 47 43 45 55 50 43 34 29 27 26 23 24 27 28 26 24 20 22 24 21
138 139 139 136 137 140 140 139 136 139 142 138 136 131 131 133 135 136 140 137 136 134 134 134 135 135 132 130 127 126 127 127 127 125 125 124 123 125 122 120 115 109 111 115 114 113 113 105 99 93 93 90 87 85 83 82 78 80 78 74 79 78 79 78 69 72 80 76 64 61 61 59 60 54 47 45 42 40 41 40 37 39 35 30 24 26 24 21 22 22 23 22 21 18 20 21
137 139 137 139 143 142 143 141 139 141 138 134 133 133 135 136 138 141 141 138 138 136 137 137 138 136 131 128 128 128 128 128 127 127 126 124 126 126 121 115 111 111 114 115 116 120 121 112 104 96 92 89 92 89 91 83 81 88 82 78 81 83 76 72 73 75 82 74 67 68 65 67 64 62 55 51 48 52 46 43 35 33 31 28 26 25 24 24 21 20 17 16 16 17 15 14
138 138 138 140 142 143 144 142 140 141 137 135 136 137 138 140 142 144 144 141 139 140 140 138 134 132 130 130 130 130 130 130 130 129 128 127 128 127 121 115 115 117 115 117 123 122 122 116 104 100 97 92 96 95 99 88 91 97 95 87 80 76 73 77 81 86 78 65 62 63 56 53 52 54 53 54 52 45 39 40 40 44 37 31 34 29 28 29 26 24 22 19 16 13 13 12
140 140 139 140 142 148 146 142 140 138 137 137 138 140 141 142 145 148 145 143 143 142 137 134 133 132 132 132 131 132 133 133 132 130 130 128 132 131 122 118 120 119 118 120 121 126 126 117 114 107 99 96 101 103 103 92 104 107 109 97 80 75 78 85 88 88 74 67 62 56 52 57 54 50 45 44 43 43 49 52 48 45 40 34 32 31 30 30 27 25 24 22 20 19 17 15
142 141 140 141 143 145 147 143 140 139 139 139 139 143 143 145 145 148 144 141 140 137 135 134 135 135 135 133 134 135 135 135 133 132 132 130 136 128 124 121 125 120 121 123 125 133 135 132 123 114 104 108 104 109 106 96 101 113 108 88 85 79 78 85 91 91 78 74 69 62 54 59 62 58 50 45 46 49 47 40 42 39 36 33 31 30 27 27 26 24 21 22 21 20 18 16
142 143 142 142 143 144 143 142 140 140 141 141 140 144 145 148 150 146 144 140 139 137 136 137 138 138 138 136 138 138 137 136 134 134 133 131 135 133 130 126 125 125 124 127 125 121 123 125 116 111 105 109 113 115 116 105 107 118 105 96 90 81 83 86 98 98 87 86 79 68 66 67 53 46 48 45 42 39 35 32 33 38 33 27 24 22 21 20 20 24 21 16 19 19 16 14
144 144 144 143 144 144 143 142 142 143 142 143 142 145 148 150 150 147 143 140 139 138 138 140 140 143 140 139 141 141 139 139 137 135 133 133 140 142 134 132 137 134 132 127 121 117 115 116 119 114 114 118 118 128 126 111 117 127 105 92 85 82 87 95 106 109 97 86 80 88 73 63 56 45 39 40 35 33 31 30 28 27 26 24 24 23 24 24 18 19 20 18 15 14 14 13
145 146 145 145 146 144 145 144 144 144 144 145 145 148 150 151 147 145 144 143 141 140 143 145 144 145 141 142 145 143 142 140 137 140 135 134 139 141 136 133 139 139 131 130 124 120 122 114 109 110 121 112 118 121 113 118 123 133 115 101 100 95 95 100 104 103 84 73 69 70 62 52 55 48 40 35 33 32 32 32 30 29 28 29 33 32 30 25 21 17 15 18 16 14 12 11
148 148 146 148 147 146 146 148 146 145 147 147 147 149 150 148 146 147 147 144 143 143 145 147 146 148 145 146 147 147 144 141 141 143 139 137 139 145 142 126 123 124 128 126 125 113 116 116 111 104 114 104 107 109 105 112 114 120 117 111 112 99 99 95 94 89 79 68 62 55 50 46 43 40 36 35 40 43 40 41 37 41 43 42 37 33 28 30 26 23 18 14 16 15 13 11
148 148 147 147 147 148 150 149 147 148 149 149 150 149 150 149 148 148 146 145 146 146 149 150 149 153 152 152 150 149 145 143 143 146 141 140 141 142 140 129 125 119 117 118 116 107 106 102 104 106 99 100 102 101 99 111 103 102 115 113 118 99 91 86 79 86 96 85 71 64 56 56 55 43 37 48 52 49 49 45 40 43 41 38 38 38 29 29 20 18 16 13 14 12 11 12
148 148 148 149 150 151 150 149 150 151 151 151 151 153 151 151 150 152 148 148 150 152 152 152 152 159 159 155 154 149 147 143 145 148 149 150 149 147 151 133 123 116 110 107 106 100 99 97 93 96 98 94 97 95 92 99 94 97 103 112 103 90 82 79 72 74 86 78 66 56 49 57 53 40 38 51 57 58 51 49 50 49 39 38 33 27 23 20 21 16 14 11 11 13 11 8
151 152 153 151 153 154 152 151 152 152 153 153 153 154 154 155 154 153 151 152 153 154 157 157 155 160 161 158 154 151 147 147 150 153 154 159 158 141 133 128 120 112 109 106 103 103 104 98 102 93 91 87 91 91 88 91 88 92 97 109 105 92 86 77 69 65 68 71 68 57 48 50 47 41 40 57 67 72 59 56 65 53 46 39 31 27 26 22 24 22 20 13 10 9 9 11
155 155 152 153 157 155 152 153 154 154 155 156 155 156 156 155 156 157 155 157 157 157 162 160 161 161 166 160 154 154 149 154 156 161 165 177 161 136 127 122 116 112 112 111 111 112 108 108 119 97 94 90 85 83 82 82 89 84 92 102 97 93 88 77 68 63 59 60 61 51 46 44 42 41 45 59 71 78 70 66 68 51 40 35 35 34 26 27 28 25 21 19 16 9 7 7
161 158 155 156 157 156 154 155 156 157 158 158 159 158 159 157 158 163 163 161 161 160 164 164 165 165 169 160 157 158 153 159 169 176 186 174 151 136 126 121 117 113 110 107 110 107 102 100 98 107 104 100 99 93 89 79 80 80 87 98 91 86 87 81 74 62 54 52 51 48 46 44 42 45 55 71 86 94 86 87 77 53 50 50 42 37 31 33 28 26 24 20 15 11 9 6
163 160 158 159 159 158 158 158 159 160 160 161 163 162 162 161 161 165 164 165 165 161 168 176 167 175 172 165 161 161 155 162 188 195 177 165 147 133 123 118 116 116 114 110 103 100 100 102 104 109 102 108 106 100 92 84 75 75 84 90 83 79 86 81 72 65 57 51 50 47 45 45 43 58 65 78 103 117 129 120 89 62 57 52 47 39 41 31 32 25 20 18 15 11 10 13
170 163 161 162 161 160 161 161 163 161 163 166 165 166 166 165 165 170 166 168 173 166 169 178 169 184 184 176 169 167 161 173 182 173 163 153 142 132 126 120 116 110 106 105 112 107 106 115 111 110 108 102 97 98 94 83 81 73 76 81 79 74 82 80 78 68 58 53 50 49 52 50 49 53 66 79 88 111 118 113 98 66 61 55 50 43 43 31 37 29 28 25 19 13 13 16
170 171 167 164 165 163 164 165 166 163 166 171 169 172 170 169 171 174 172 173 174 175 184 175 170 173 174 176 180 180 169 172 177 185 167 153 142 131 125 118 114 111 108 120 124 117 130 129 118 117 105 97 92 92 86 90 90 80 72 72 72 67 72 78 74 69 64 57 50 54 61 55 56 60 67 72 81 121 99 74 76 65 48 44 44 41 38 37 36 30 23 21 17 20 20 16
177 176 171 168 169 169 168 169 168 166 169 172 171 175 174 175 177 181 181 178 185 195 189 172 176 183 181 174 167 164 166 168 180 185 166 154 143 136 128 125 118 113 113 132 134 126 141 141 120 114 106 100 107 95 94 104 94 87 80 74 69 66 65 68 71 64 59 53 51 55 67 61 57 64 71 81 89 106 92 94 66 58 48 51 58 52 52 46 41 29 26 27 20 25 27 19
