data/modeling/musgraves_dem.asc
ncols         556
nrows         267
xllcorner     128.86666666666667
yllcorner     -25.81667
cellsize      0.01666666666666669
NODATA_value  -9999
[rows 135 to 179 of 267, columns 288 to 383 of 556]
224 224 224 224 226 231 236 238 239 237 234 234 236 238 241 243 245 247 251 254 256 260 264 271 280 281 281 282 289 291 285 285 293 296 283 274 272 267 273 264 252 241 232 214 207 201 198 196 195 194 194 193 194 185 185 206 222 234 224 222 226 207 187 174 174 155 149 146 143 141 138 131 126 124 123 121 118 114 109 106 104 104 106 105 103 103 103 100 98 97 103 102 103 99 99 97
221 221 222 222 224 229 229 230 229 233 232 234 235 237 239 242 243 247 250 253 256 260 264 269 277 278 281 281 287 293 289 285 289 293 284 270 269 262 260 256 246 248 256 230 206 200 196 191 197 192 187 182 183 186 179 189 206 215 206 200 215 198 185 165 155 154 168 161 150 144 142 139 137 135 133 128 123 119 114 109 103 102 101 100 99 98 97 96 95 98 104 99 96 93 92 94
220 221 222 221 222 223 224 227 229 230 232 238 240 239 238 240 241 244 247 251 255 258 262 264 271 274 274 281 289 289 285 284 288 290 289 280 273 265 261 256 257 259 245 224 205 197 193 189 191 187 183 182 185 180 175 184 192 189 187 183 189 182 170 160 169 170 178 180 159 155 152 147 144 141 139 134 128 122 116 110 106 102 99 98 97 96 94 93 93 97 97 98 94 90 88 89
223 220 220 220 221 223 225 226 228 228 228 230 236 240 241 244 246 243 244 247 250 254 257 260 264 268 271 275 276 275 280 288 289 290 282 278 273 271 265 265 268 246 221 211 203 196 193 192 189 186 187 191 189 181 171 174 177 178 176 174 171 168 164 166 179 196 189 174 163 152 148 146 145 141 138 136 133 129 125 117 109 104 101 99 98 96 94 93 91 91 90 90 91 89 86 85
227 226 222 220 221 221 223 225 226 227 227 229 233 238 241 243 245 247 250 248 248 251 254 258 261 266 265 269 269 270 277 287 295 290 284 282 277 277 272 265 253 233 216 214 209 200 207 207 198 193 191 188 185 182 175 168 170 172 173 173 171 169 173 179 175 193 184 173 163 159 152 144 141 141 137 136 134 129 123 118 112 108 104 101 99 98 96 94 93 91 89 88 87 86 85 83
222 225 224 221 221 221 222 224 227 227 228 228 235 234 238 243 246 245 249 249 251 250 252 254 257 262 262 264 269 274 278 284 299 296 285 280 271 274 275 258 241 227 220 213 212 205 206 202 196 191 188 183 182 179 176 172 167 164 167 168 166 173 184 197 193 203 193 192 171 167 156 147 142 137 135 134 133 131 128 122 115 111 107 105 103 102 100 97 95 93 90 88 86 86 85 85
227 225 228 228 227 228 228 228 232 234 232 229 231 236 239 241 245 249 250 250 256 253 254 257 257 258 260 264 269 274 276 280 287 285 280 274 267 265 272 263 247 230 217 215 206 202 196 193 191 189 185 181 177 177 172 170 169 165 160 164 162 167 178 200 197 197 195 188 166 161 157 149 142 137 132 131 131 128 126 120 114 111 110 108 106 104 102 101 99 97 94 91 87 86 86 86
236 233 233 239 240 239 237 235 236 238 236 234 234 234 239 241 245 249 251 250 252 254 255 259 261 260 260 264 267 272 273 276 279 277 270 265 263 258 263 254 246 229 214 209 206 200 194 190 187 184 182 180 176 172 171 167 164 163 160 159 159 166 186 196 186 176 179 179 159 151 147 144 141 138 132 128 129 127 124 120 116 114 112 109 107 106 104 103 101 99 98 95 92 88 84 82
249 245 243 245 247 245 243 241 241 243 239 236 237 236 238 242 244 248 251 253 254 256 258 260 260 264 261 264 269 274 272 273 272 272 267 259 256 252 259 252 248 223 218 225 213 205 194 190 185 182 178 177 173 172 167 165 163 161 159 155 155 162 176 189 197 175 177 166 157 152 152 148 144 141 138 131 126 124 124 125 119 116 113 110 108 105 104 104 102 100 98 93 87 85 83 83
253 252 249 250 249 248 247 245 246 245 241 240 239 238 241 245 247 250 254 256 257 260 263 264 262 261 263 266 271 274 273 271 267 262 264 263 255 244 241 234 228 224 229 229 208 198 193 189 184 181 177 174 171 168 167 164 161 158 155 154 152 155 163 177 194 187 184 172 155 153 145 139 137 139 137 133 127 123 120 124 125 123 119 116 112 107 102 100 99 95 93 89 88 86 87 84
250 248 244 246 244 245 245 243 243 247 244 242 239 239 243 246 249 252 257 257 259 265 268 269 266 264 265 266 271 274 272 271 269 268 261 252 249 254 247 236 230 249 245 228 212 203 197 190 187 181 176 172 169 166 163 160 158 157 155 152 150 149 156 164 167 167 173 173 154 143 139 136 133 131 129 127 124 122 119 118 120 121 122 121 119 116 110 108 103 102 96 93 90 93 90 85
239 237 235 238 235 235 237 236 239 242 241 237 236 239 245 246 246 250 255 259 262 265 267 272 269 269 268 268 273 274 272 272 271 267 263 261 262 255 250 246 237 255 261 253 227 214 205 197 191 184 176 173 172 166 162 159 156 154 153 150 148 146 152 156 158 159 159 173 150 140 141 141 140 138 135 131 128 125 122 117 115 113 111 112 112 114 115 112 109 108 106 100 97 98 89 88
226 224 224 227 226 228 231 235 237 238 234 231 232 237 240 239 241 246 250 259 257 257 259 264 269 272 271 270 274 274 273 273 271 269 268 268 265 257 263 247 244 260 266 271 245 225 212 202 197 188 181 178 171 165 163 160 158 155 152 149 147 145 145 150 147 147 141 160 142 133 130 128 128 130 130 128 128 125 121 118 116 114 113 111 107 105 108 107 105 101 98 98 95 91 88 94
217 217 218 220 223 227 231 228 233 233 229 226 229 230 232 234 237 240 245 250 252 253 254 258 262 269 272 271 275 276 274 274 272 272 272 271 268 265 267 256 256 261 273 274 254 244 226 214 203 192 181 175 171 168 165 164 164 160 155 152 151 147 143 141 139 137 137 136 133 131 130 128 125 123 124 124 123 121 120 118 117 116 114 113 111 108 107 105 104 103 102 100 96 90 93 98
211 214 216 218 221 223 221 220 226 223 224 223 226 227 228 230 233 236 240 244 246 248 252 256 260 269 273 274 277 276 276 276 275 275 274 273 273 269 267 265 264 270 275 270 257 243 235 229 211 193 184 179 175 174 170 168 167 161 160 156 153 148 144 144 144 144 148 155 149 142 135 130 129 125 121 120 119 119 118 117 116 115 114 113 112 110 109 108 106 105 102 98 92 92 99 101
210 211 212 214 213 212 214 216 219 218 219 219 221 223 225 229 232 235 238 241 245 249 252 256 260 262 270 276 278 277 275 276 274 274 272 274 274 272 272 271 271 269 269 251 241 231 225 219 204 193 187 182 179 176 174 172 167 164 161 157 152 147 151 155 152 157 164 169 158 147 135 133 128 123 121 119 117 116 114 112 111 110 112 112 110 109 108 106 104 101 96 94 94 98 103 105
207 207 207 208 209 208 209 211 213 214 215 217 219 222 225 228 231 233 235 238 242 246 250 253 256 262 264 270 274 273 271 270 270 271 265 268 268 270 264 262 261 254 264 261 241 230 221 211 203 194 191 187 183 184 179 173 166 163 159 156 153 150 163 170 162 173 177 175 169 149 138 132 127 130 128 119 117 115 115 117 114 109 107 107 106 105 103 100 98 97 96 96 101 104 110 112
201 201 203 205 205 205 206 208 210 211 214 224 227 223 226 226 229 234 232 237 239 244 248 250 254 258 259 264 274 274 270 268 269 267 266 256 262 263 253 254 249 247 257 256 241 233 219 210 204 201 196 190 185 181 176 172 167 163 161 158 153 153 165 174 170 180 188 190 168 150 140 131 132 140 134 124 118 121 125 118 112 113 107 105 104 102 101 100 100 98 98 101 106 110 111 111
204 201 202 204 201 202 205 207 209 210 211 213 217 221 223 225 228 230 232 236 239 242 245 247 252 255 260 267 271 272 273 269 264 262 256 251 254 257 248 243 241 238 244 254 252 248 232 220 215 208 195 183 177 173 170 168 168 165 160 156 155 158 178 201 182 179 189 174 170 169 135 138 141 143 133 125 123 127 119 114 121 116 109 106 105 104 107 109 103 100 102 110 112 110 109 107
204 205 205 200 200 203 204 206 208 208 210 213 216 219 221 224 227 230 233 236 238 243 246 249 255 260 268 273 275 273 269 265 260 266 259 247 246 250 242 235 232 231 239 237 246 233 236 230 221 209 193 182 177 174 171 167 165 163 162 163 163 166 175 186 190 175 170 163 158 158 152 142 156 145 135 128 129 127 118 119 126 113 116 115 114 108 116 110 104 105 108 115 118 114 114 111
200 204 203 201 200 204 203 204 207 209 211 212 215 218 221 223 226 229 232 236 241 245 250 252 255 258 263 270 272 271 269 266 258 256 261 250 241 242 235 231 228 227 231 228 229 223 224 225 209 195 186 181 179 177 172 169 171 175 176 176 175 173 171 173 175 171 164 159 152 149 146 155 151 137 130 126 126 123 119 123 130 119 122 124 116 111 117 113 106 112 117 123 118 119 120 116
196 197 199 198 198 204 206 205 205 209 213 213 214 217 219 222 225 228 233 237 243 247 250 254 259 264 267 271 273 274 271 271 263 253 247 245 240 235 231 231 228 222 222 222 222 218 222 209 197 190 186 185 184 179 176 175 182 184 181 179 177 173 171 169 179 174 161 160 162 157 148 159 152 139 133 129 130 127 121 131 142 130 121 122 124 117 119 115 111 112 122 127 124 127 119 114
199 196 197 197 196 199 205 204 207 208 214 216 213 216 219 222 225 228 232 237 241 244 248 255 264 273 275 276 276 274 273 269 264 256 251 247 241 240 250 251 243 234 224 219 212 209 217 212 197 192 192 191 184 181 187 186 192 190 190 184 177 172 170 168 181 181 176 171 171 162 160 165 164 150 135 128 134 125 126 140 141 127 129 136 135 128 126 125 118 115 118 131 135 126 117 114
202 202 200 201 195 197 202 206 208 210 211 213 213 217 219 222 226 230 232 236 240 244 249 253 259 273 275 277 275 273 270 266 262 259 254 245 251 255 257 251 252 240 226 234 223 207 204 200 197 199 196 188 189 195 196 200 203 199 189 183 181 177 168 165 174 187 184 176 172 170 168 161 156 154 142 136 137 125 137 146 135 130 138 145 147 139 133 125 120 120 123 122 125 122 118 118
208 207 206 201 195 197 199 200 202 206 209 214 213 216 220 223 227 230 234 239 244 247 252 255 258 264 265 273 275 272 269 268 266 259 251 254 268 266 257 245 233 229 229 224 217 222 224 209 203 204 194 194 199 219 213 205 193 190 187 184 186 177 170 163 168 174 177 167 168 172 173 169 161 156 155 140 136 127 138 145 139 143 146 153 152 139 132 123 126 123 128 127 125 120 123 122
205 206 207 201 195 198 201 202 202 204 207 212 215 217 221 224 227 231 236 241 247 252 253 253 256 257 259 262 272 271 269 265 261 257 264 260 264 261 251 238 238 243 233 223 226 231 225 218 209 204 197 203 204 212 216 201 188 181 175 179 179 175 171 162 159 166 167 164 165 162 163 169 158 154 143 144 141 131 142 150 149 159 155 155 147 140 130 128 133 128 134 134 126 122 127 122
202 205 206 204 199 198 201 204 206 205 208 211 215 218 223 226 230 232 236 240 243 247 251 253 251 253 254 256 264 267 272 269 267 265 267 265 269 257 246 248 256 244 230 234 242 231 223 222 217 211 202 212 212 212 214 194 185 179 174 170 168 167 165 166 161 158 156 154 162 155 156 162 153 147 141 133 132 138 150 164 161 160 166 157 151 140 143 146 138 139 140 137 127 127 131 127
197 201 202 205 202 203 203 203 205 210 211 213 216 219 222 226 231 233 235 238 241 246 249 250 248 245 248 249 254 268 273 272 271 269 271 276 267 257 258 262 251 241 239 251 250 237 226 222 213 208 206 214 217 211 203 191 181 176 176 173 176 175 168 165 167 163 162 158 151 150 145 147 147 139 135 138 137 147 160 185 179 176 174 163 161 145 152 169 157 157 144 140 132 137 135 128
193 196 198 203 206 207 210 209 206 210 216 218 218 222 225 228 230 232 233 237 239 243 245 244 243 241 243 248 256 263 269 275 274 274 279 274 266 271 272 263 253 253 256 258 246 239 236 230 219 221 211 209 204 201 194 188 181 175 170 167 165 166 159 154 154 151 152 150 146 144 142 140 139 140 141 141 146 147 154 172 180 186 178 162 162 154 153 175 185 174 157 147 145 143 144 143
190 194 200 202 207 208 212 215 209 211 215 221 224 227 229 231 233 231 232 234 237 242 245 243 239 237 241 248 253 252 260 274 272 278 280 277 276 275 277 267 266 267 266 258 255 253 244 226 220 216 209 204 195 189 185 183 177 173 170 167 161 158 158 158 155 150 148 145 146 146 142 144 142 143 143 149 157 165 165 165 173 185 173 176 174 168 166 188 176 167 171 162 161 155 150 148
192 192 197 201 202 206 214 213 212 217 218 219 225 231 230 230 230 229 230 232 236 239 242 241 236 234 238 249 249 250 255 258 260 271 271 272 277 276 272 266 266 267 259 255 243 235 230 233 224 210 203 199 197 191 188 183 177 171 167 164 162 163 160 156 155 153 151 151 150 144 146 152 146 145 146 148 157 166 161 161 172 165 154 165 162 173 177 175 167 166 166 167 157 146 144 135
196 194 191 197 199 204 210 212 215 219 221 222 225 227 226 229 228 227 228 229 231 235 236 237 235 230 234 241 244 245 250 248 248 255 259 269 278 276 272 272 264 256 251 250 247 241 243 236 219 224 209 200 201 192 183 177 172 169 167 167 168 167 163 165 163 159 157 153 148 147 144 144 147 142 141 148 155 163 153 149 150 148 143 155 154 153 165 165 158 149 152 162 160 149 140 132
194 196 193 194 197 202 208 213 218 221 225 225 225 224 222 224 226 227 230 226 227 230 233 232 233 229 229 234 240 242 245 240 242 254 256 263 264 274 276 270 265 264 263 258 245 239 232 228 229 225 212 206 200 196 184 177 174 170 170 172 173 173 170 166 159 154 152 149 149 146 138 135 134 133 132 138 144 146 143 139 141 139 135 144 144 148 156 152 151 147 147 152 151 146 139 134
191 193 195 198 200 201 207 213 218 223 230 226 221 218 219 220 222 226 226 225 224 227 231 229 229 227 225 230 235 235 234 235 241 250 250 250 253 260 268 269 267 262 256 251 253 252 238 240 244 226 211 201 195 191 185 179 175 172 178 180 175 170 162 158 158 155 157 154 153 147 139 134 131 129 128 130 131 131 135 131 132 132 131 137 135 139 146 151 142 141 143 144 139 139 137 138
188 194 196 199 202 202 204 211 216 221 226 224 222 218 217 219 219 220 221 222 222 225 230 229 225 225 222 226 231 228 232 237 239 243 245 243 244 250 256 273 270 271 268 260 256 258 251 249 251 230 222 206 201 195 187 181 180 178 183 172 165 165 164 163 160 158 162 157 154 147 136 132 128 127 127 126 125 125 126 125 126 128 129 127 130 135 143 141 138 136 138 141 139 132 132 131
185 190 195 199 203 204 202 206 211 212 217 221 217 214 214 216 220 222 222 229 224 221 227 229 225 221 220 222 227 225 229 232 237 236 235 238 239 245 254 268 266 262 264 267 263 265 261 266 254 241 227 212 202 192 188 187 188 184 175 171 168 171 168 162 164 164 157 150 148 143 137 131 128 128 126 123 123 122 120 121 121 123 124 125 130 131 133 133 134 135 132 134 133 134 128 125
187 187 190 194 196 200 200 200 204 207 211 214 217 217 215 214 214 216 218 222 220 220 222 226 224 219 217 219 221 225 227 227 232 235 232 233 240 245 251 255 260 249 257 258 264 270 270 270 259 257 234 214 202 196 196 195 186 182 179 177 173 175 168 167 166 156 152 147 142 139 137 133 127 127 126 123 121 120 120 120 120 120 123 121 125 127 123 124 123 126 128 127 124 127 126 122
192 190 189 193 192 193 198 197 201 204 208 213 218 219 217 213 213 213 215 217 219 222 220 219 218 217 214 216 220 219 220 224 223 225 232 238 243 247 248 241 243 240 243 244 256 265 268 261 254 261 241 219 212 202 204 195 190 186 181 184 180 174 170 175 164 157 148 145 140 142 140 136 128 126 125 124 121 122 124 120 117 118 118 120 120 118 117 117 118 121 127 129 127 119 122 119
190 192 190 193 195 192 195 195 200 203 208 213 217 219 217 216 216 215 216 219 218 219 221 221 216 213 212 215 216 214 216 219 225 235 236 236 239 238 242 234 236 240 235 240 250 253 250 249 256 255 239 228 218 213 206 198 193 191 186 186 180 178 175 176 166 157 144 139 134 132 131 131 133 126 124 123 122 122 121 118 116 116 116 116 117 115 113 113 114 119 123 123 128 119 114 114
190 191 189 193 194 193 194 195 199 202 208 213 215 218 220 220 219 218 219 221 219 218 216 218 216 210 209 213 211 211 215 225 228 228 231 233 231 230 229 229 233 236 231 240 246 244 244 246 252 257 246 242 240 233 210 200 196 195 193 188 184 183 177 173 158 148 139 137 137 133 132 131 131 127 125 124 123 122 120 118 116 115 115 114 114 114 112 111 112 116 118 117 119 122 120 114
190 187 188 192 197 197 197 198 201 205 208 210 213 217 220 220 220 221 219 219 218 217 217 215 217 211 207 207 208 216 223 222 222 222 223 225 227 230 224 229 237 231 229 233 238 241 243 242 242 253 251 248 254 243 211 197 190 187 189 186 184 182 172 166 159 146 142 145 145 141 139 138 135 130 130 127 123 120 117 116 116 115 115 116 114 112 112 111 110 111 112 112 110 115 120 120
186 187 189 194 199 200 200 203 206 210 208 206 210 215 219 220 221 221 218 217 216 217 217 214 215 216 212 205 212 217 216 213 214 218 221 222 225 228 224 232 237 238 227 229 236 243 234 233 232 236 235 239 249 247 208 202 191 185 181 174 169 166 162 160 152 146 148 151 150 144 139 137 133 132 134 129 123 119 118 117 117 117 117 118 117 115 113 110 109 109 108 108 107 110 114 113
183 186 190 196 197 199 202 206 209 210 206 204 208 213 218 219 219 219 216 214 215 215 214 214 214 214 210 203 205 205 209 217 221 223 222 219 220 223 223 227 233 239 225 232 247 249 237 227 227 230 236 243 247 232 214 208 199 197 184 178 172 169 165 161 155 152 156 148 141 140 136 133 131 130 127 126 125 121 119 119 119 117 117 122 121 118 113 111 110 110 110 108 106 105 109 110
181 182 188 194 196 194 198 203 204 206 206 203 205 211 214 215 213 216 215 212 215 219 218 216 217 219 211 201 200 209 221 224 219 216 216 215 219 218 219 223 228 230 221 237 246 246 232 228 236 237 238 234 242 240 229 216 222 213 192 185 185 175 172 166 160 159 157 143 138 136 133 132 131 129 126 124 122 122 121 121 121 119 119 122 122 116 113 112 113 114 114 110 108 106 103 104
181 184 185 190 194 191 195 197 200 203 207 203 203 208 212 214 212 217 213 213 211 216 219 223 224 230 220 206 198 209 218 221 220 217 211 209 213 212 218 220 220 220 220 235 239 236 231 223 235 245 242 237 235 232 234 229 226 211 194 197 193 187 181 171 167 166 156 143 138 136 134 132 134 132 127 125 123 123 122 123 123 122 119 118 118 114 115 116 114 116 117 114 112 108 103 102
