data/modeling/musgraves_dem.asc
ncols         556
nrows         267
xllcorner     128.86666666666667
yllcorner     -25.81667
cellsize      0.01666666666666669
NODATA_value  -9999
[rows 90 to 134 of 267, columns 0 to 95 of 556]
385 387 389 394 402 410 406 404 406 403 401 401 401 405 412 417 427 431 442 458 476 489 483 457 444 439 441 443 446 460 465 457 452 447 444 445 447 451 454 455 458 462 463 464 469 470 470 466 468 472 476 475 475 474 476 475 477 481 498 485 483 485 495 513 537 579 535 531 496 492 507 489 478 472 467 461 459 459 453 455 458 455 457 457 457 458 456 458 462 466 462 473 484 492 490 496
381 382 384 388 391 398 397 396 399 394 394 393 397 404 410 415 416 421 429 444 448 453 456 452 442 439 439 440 449 456 467 469 453 451 448 443 445 447 450 451 454 457 457 461 464 466 466 465 465 465 466 469 470 469 471 469 471 472 470 472 476 480 495 526 541 510 493 495 485 480 478 475 470 467 463 458 454 453 452 453 454 454 455 455 455 456 452 458 470 478 474 473 485 494 496 501
376 375 380 379 383 389 390 392 392 388 389 391 395 401 407 410 412 413 420 428 431 436 437 439 441 438 437 438 446 456 465 462 453 449 451 446 446 446 449 450 452 454 454 459 460 460 459 458 457 459 459 463 464 465 466 464 464 465 465 469 473 474 479 490 505 487 477 474 474 472 468 463 463 462 460 457 451 450 453 453 455 454 454 454 453 449 453 462 466 469 475 474 482 489 495 504
368 369 370 375 378 382 382 384 385 388 387 388 395 406 411 411 404 405 412 417 423 427 429 429 431 435 434 440 446 454 458 458 452 457 456 447 455 450 445 446 448 449 451 452 454 454 454 453 456 455 454 460 461 461 460 460 459 458 462 470 467 469 465 465 465 466 464 465 464 464 461 458 455 454 454 452 449 451 451 453 455 452 451 453 451 454 461 468 469 469 478 481 490 495 500 508
364 363 364 367 373 376 377 379 382 383 382 384 392 401 404 404 398 403 407 411 415 417 421 423 428 432 433 438 442 447 449 448 446 445 446 447 450 447 443 443 442 448 447 449 451 451 448 447 450 449 453 457 454 455 454 455 456 453 451 457 458 461 460 456 454 455 455 457 457 456 453 454 452 452 450 447 451 459 454 464 466 465 464 463 460 460 469 482 489 483 483 492 494 503 511 512
366 363 362 362 366 373 373 372 378 380 379 384 388 389 392 395 397 400 404 410 413 418 420 424 427 425 426 427 431 435 440 438 437 434 437 438 441 442 442 442 442 445 447 446 445 444 444 442 444 445 449 452 449 452 451 452 452 449 447 449 452 455 454 451 448 447 449 451 450 447 451 465 468 459 450 446 448 463 473 480 473 478 480 477 472 467 476 496 522 499 495 498 500 514 528 519
365 363 362 363 368 372 374 374 377 377 382 385 386 390 394 397 398 401 406 409 413 417 417 419 421 418 419 421 424 428 432 430 429 431 436 438 441 443 442 442 441 448 444 440 440 445 440 438 440 439 447 446 444 447 446 447 446 444 443 443 447 449 448 446 442 439 443 443 441 441 439 445 447 440 443 445 452 471 503 520 488 507 507 489 479 470 474 487 500 503 495 499 509 522 530 521
364 362 361 363 368 368 372 376 376 379 382 385 388 391 392 395 398 402 406 409 415 414 417 414 418 417 418 422 425 426 425 425 428 431 436 438 440 441 439 438 443 447 437 438 439 438 437 438 435 437 442 440 441 443 442 444 440 440 440 437 442 442 442 440 436 435 437 436 435 431 432 433 438 439 441 446 455 471 489 499 494 508 505 496 487 476 471 474 490 490 492 501 509 521 530 517
363 362 361 362 365 368 372 374 376 380 380 384 388 389 390 391 403 402 403 417 412 407 413 411 417 417 413 416 423 423 424 426 430 434 439 441 444 452 446 454 463 458 440 436 444 439 436 431 431 433 436 439 435 435 439 439 437 437 436 433 434 436 435 433 431 430 430 428 425 424 426 429 436 436 436 441 453 478 504 485 489 488 489 492 490 485 480 480 481 490 499 506 512 518 513 511
362 361 361 361 363 368 372 375 376 378 380 384 382 387 392 393 398 404 407 410 402 403 409 408 414 419 417 417 423 422 424 426 429 433 438 443 450 459 454 468 476 467 449 459 454 436 428 426 428 430 433 433 431 428 433 434 434 434 429 429 427 428 428 428 428 426 422 420 420 421 426 430 435 435 430 434 448 470 483 479 479 479 480 482 481 484 488 489 486 489 496 496 506 505 505 508
361 359 360 359 363 367 369 373 376 378 378 381 382 382 391 388 389 393 399 399 400 401 407 407 413 414 414 416 418 419 421 425 427 432 439 446 449 446 444 441 447 448 447 465 461 434 426 423 426 428 428 427 426 424 425 427 432 430 425 424 421 422 423 424 424 420 417 415 420 421 423 426 439 431 424 430 444 455 465 466 469 470 472 471 473 479 488 487 482 483 482 487 500 493 492 504
360 358 359 360 363 366 367 371 374 375 376 380 380 385 383 382 386 392 393 396 398 400 404 406 412 410 412 413 416 420 424 427 429 434 438 446 447 444 440 437 435 434 435 436 433 427 419 420 420 423 423 421 423 420 420 424 426 425 422 419 417 418 418 421 420 416 415 415 416 420 429 430 436 425 418 427 439 447 454 458 462 462 468 463 466 473 475 474 473 473 475 485 493 484 484 494
361 356 358 358 361 363 370 372 373 373 376 380 381 382 380 385 388 392 394 397 399 403 406 405 407 406 410 413 418 425 429 432 433 434 435 443 447 448 442 441 437 434 430 424 421 417 417 417 417 421 418 415 416 416 414 418 416 419 417 418 418 426 427 422 409 410 410 411 411 416 421 419 416 420 421 428 436 441 446 452 454 458 460 456 457 461 461 461 464 464 468 474 477 477 478 488
360 356 357 357 361 365 366 367 371 372 375 377 378 378 383 387 391 391 394 396 397 398 403 407 407 408 414 417 420 427 432 434 438 434 435 445 450 445 442 438 436 432 428 425 421 419 421 417 415 417 416 410 413 413 411 413 412 416 411 413 415 411 410 404 403 403 404 407 408 409 409 407 412 416 417 427 434 439 442 444 449 457 451 448 448 448 449 449 453 456 460 464 469 471 472 483
356 354 355 359 363 367 367 366 367 369 373 373 379 381 385 384 386 388 394 394 398 398 407 407 409 412 419 424 428 431 436 437 441 439 440 446 448 443 440 436 431 428 427 423 420 417 415 415 412 412 413 409 410 410 408 406 405 408 409 407 412 403 401 398 399 400 400 402 402 405 406 410 412 415 418 423 430 433 434 435 443 447 442 440 439 437 438 443 446 448 454 461 464 466 469 479
355 354 354 359 369 375 372 371 368 369 369 372 375 378 379 382 384 388 395 400 405 404 408 415 418 420 422 420 423 428 435 440 447 450 443 449 448 442 439 436 432 428 426 421 417 416 415 415 410 407 408 406 406 404 401 402 401 408 402 402 406 402 397 394 394 399 399 400 401 402 405 405 409 414 417 419 424 428 432 434 441 439 434 433 431 430 432 438 442 446 452 457 457 461 471 469
354 353 353 361 369 365 364 369 374 371 373 370 374 381 381 383 386 392 398 405 405 405 409 414 414 413 414 420 431 433 438 444 450 455 446 450 447 443 441 436 430 428 420 407 399 399 406 411 410 407 405 404 403 398 397 398 399 398 396 400 400 399 395 391 393 395 393 397 398 399 401 403 407 408 411 413 418 424 431 441 448 443 433 427 425 428 431 436 441 444 449 454 460 468 474 459
352 351 351 361 367 366 357 361 370 374 379 376 380 387 379 373 382 391 391 389 395 402 405 404 405 407 416 428 443 453 455 458 456 455 440 446 446 439 438 436 431 425 423 416 408 406 407 407 407 407 405 403 401 397 398 396 397 395 392 397 394 393 393 390 390 392 392 392 394 396 399 402 402 403 408 408 413 421 431 440 445 437 431 421 418 423 432 435 442 448 457 485 493 479 458 451
350 349 351 356 360 353 352 361 366 366 368 374 379 384 383 372 381 393 391 389 393 396 398 401 409 413 419 431 451 454 460 471 476 458 446 442 441 439 436 432 430 425 420 418 416 410 407 400 397 405 401 403 400 397 396 393 396 392 389 394 391 388 390 389 389 390 392 394 393 396 396 398 401 398 406 414 415 422 432 441 441 436 425 415 415 422 426 435 445 457 473 507 503 469 449 445
349 348 348 347 351 352 352 360 357 355 361 371 373 378 381 381 387 384 381 387 389 394 402 406 409 419 420 431 446 442 451 467 481 474 458 443 437 441 438 434 428 423 421 419 415 412 408 405 403 400 398 397 397 397 397 392 392 391 388 389 390 388 389 389 389 390 391 392 391 393 395 399 398 397 401 412 421 424 427 434 433 429 417 410 414 421 425 431 445 472 482 519 466 446 442 438
346 345 348 348 348 348 353 354 354 354 358 365 367 370 374 384 382 385 383 383 387 394 402 398 405 409 417 431 441 439 449 463 469 479 473 459 448 445 441 437 426 427 423 418 414 410 407 406 403 400 396 395 395 394 395 393 390 387 387 386 388 388 387 384 388 385 385 389 389 390 393 396 396 393 397 407 418 422 420 420 423 420 413 407 410 416 419 429 460 448 455 472 441 433 432 433
344 345 347 349 349 349 349 353 353 354 357 364 366 369 370 375 377 381 381 381 384 389 394 396 400 409 415 423 429 433 441 450 460 477 481 482 466 459 450 443 431 430 428 420 418 415 409 405 404 404 400 396 397 396 392 389 388 388 386 384 384 386 384 382 381 384 386 389 388 389 394 393 391 391 393 401 408 411 409 409 412 415 405 402 406 412 411 429 455 430 436 443 478 446 432 428
342 345 347 349 352 347 346 346 350 357 362 360 362 366 367 370 374 379 382 383 388 387 388 392 399 405 414 418 423 429 438 446 459 477 493 496 478 470 465 455 441 437 432 430 428 419 414 410 412 412 402 400 401 398 393 393 387 386 385 385 385 385 384 384 383 383 382 388 386 387 392 390 390 388 387 390 397 400 404 404 413 416 409 400 403 407 407 415 431 415 418 436 445 442 442 441
343 347 349 358 357 347 346 346 352 359 365 365 362 371 368 367 369 374 384 396 396 395 396 396 396 406 410 420 424 424 437 446 463 481 505 513 496 481 471 461 450 447 437 435 426 423 421 417 417 413 407 405 404 401 398 396 389 387 384 384 387 386 385 384 383 381 380 383 383 385 389 386 386 387 386 386 391 397 398 399 410 417 408 397 397 404 401 397 402 403 408 420 424 421 420 432
344 348 353 365 362 350 350 350 353 365 369 376 378 372 379 376 374 381 390 394 397 404 407 407 408 416 413 419 430 431 440 452 470 486 508 521 517 504 487 467 459 454 442 434 431 433 427 427 424 420 411 411 410 406 403 400 394 388 388 385 389 390 389 385 384 381 380 380 381 384 384 383 384 383 385 379 386 386 391 396 402 406 399 396 396 395 396 392 390 396 398 404 405 408 420 425
342 345 358 363 364 367 366 368 363 376 380 384 375 376 386 380 382 381 391 397 404 410 420 422 423 425 425 423 434 440 442 456 475 492 503 518 531 521 500 482 472 460 449 445 447 442 438 440 434 427 426 422 415 412 411 405 396 399 402 390 388 390 391 386 384 381 379 379 379 379 380 380 380 380 381 376 379 381 384 387 390 391 387 385 390 389 391 387 382 386 392 394 398 405 417 421
340 347 356 362 358 363 369 376 382 385 377 374 373 379 380 375 382 388 392 401 404 411 418 425 436 439 434 433 439 447 455 471 482 485 485 508 526 524 510 504 493 476 466 464 462 455 451 456 450 437 442 434 429 429 424 413 411 416 410 407 401 395 389 387 385 383 379 378 375 378 379 379 379 378 377 375 377 378 379 380 379 379 384 385 386 386 383 382 381 388 392 395 399 404 409 409
338 349 349 353 348 359 363 371 374 377 366 362 369 370 368 375 375 376 392 408 415 415 428 440 442 451 446 445 448 450 467 485 483 466 475 500 515 515 500 504 502 501 495 493 490 479 471 470 462 457 455 452 446 443 437 431 428 426 418 420 413 412 402 392 385 382 381 378 377 375 375 376 377 376 376 373 371 372 372 373 372 375 378 377 380 378 376 380 380 383 390 393 397 403 405 404
337 345 338 340 340 351 358 366 373 368 362 361 371 379 382 391 387 387 385 401 414 425 430 442 447 441 439 453 466 472 476 472 462 458 472 488 501 508 487 483 495 496 501 497 504 502 500 497 483 489 485 484 480 472 461 457 450 447 435 437 432 428 415 406 398 386 381 380 378 376 374 372 371 376 374 372 370 369 367 369 369 368 371 373 372 373 378 376 380 384 388 391 395 399 402 405
336 338 333 336 351 353 347 350 358 355 352 355 368 377 392 398 396 403 392 394 405 419 429 428 428 433 449 457 477 493 483 465 449 446 462 481 480 497 487 470 472 486 497 480 488 493 492 483 483 493 487 476 479 479 475 482 477 472 465 464 462 449 435 424 412 396 390 379 380 377 376 371 370 373 372 368 365 366 367 366 366 367 368 368 370 373 376 381 382 385 389 395 398 400 399 405
336 335 331 332 346 340 353 353 351 351 354 352 356 358 376 395 406 414 412 408 412 415 413 416 425 437 451 465 482 496 481 463 443 436 459 466 472 486 477 460 456 472 480 471 471 480 472 464 477 481 484 461 458 456 461 476 479 465 463 474 481 470 452 437 425 413 406 393 382 378 376 373 369 366 372 368 364 359 363 367 377 380 365 364 369 374 377 382 385 389 394 402 410 403 399 413
337 334 335 332 340 349 355 355 360 359 355 363 369 364 363 376 395 408 417 419 417 409 413 425 439 452 463 483 488 492 473 457 443 428 438 448 469 480 471 454 441 448 460 458 453 469 459 451 467 472 470 453 440 438 451 456 460 453 448 464 479 481 464 453 442 431 424 410 397 382 375 372 369 365 366 368 364 361 366 375 390 384 364 361 374 386 397 403 406 409 412 422 427 424 411 409
331 331 332 333 335 348 348 359 364 369 365 377 382 375 379 368 381 391 405 406 403 404 415 429 436 445 454 474 493 484 468 446 433 420 422 441 462 468 454 450 442 435 435 437 441 454 439 453 462 448 450 437 425 423 431 434 437 433 443 462 479 489 478 465 452 443 442 428 416 405 395 386 377 372 367 366 362 361 363 373 374 366 359 359 367 382 390 398 410 417 420 431 441 434 425 421
334 333 331 331 330 342 349 358 370 380 378 381 389 392 392 379 383 388 390 399 404 406 410 418 429 436 451 472 491 483 462 444 431 427 421 419 425 444 441 440 439 426 416 418 425 428 428 436 439 431 429 422 412 409 415 417 416 430 443 456 470 485 486 478 465 466 457 444 435 423 413 404 394 390 384 377 369 359 357 360 357 355 358 361 360 364 374 382 390 401 409 427 444 440 443 444
329 332 331 331 328 332 344 348 363 370 385 395 395 405 394 388 400 397 398 406 408 420 426 427 429 435 448 472 491 484 464 447 439 440 431 415 407 423 426 423 408 400 397 400 411 409 411 418 414 430 426 411 393 389 391 398 411 427 446 466 478 483 483 486 481 483 473 462 452 441 432 424 417 409 401 396 384 366 358 357 358 360 360 359 355 357 362 372 379 391 402 422 431 425 436 439
326 330 330 330 329 327 330 346 359 364 374 380 397 406 409 401 406 415 412 415 420 425 433 438 439 443 452 470 488 494 476 455 454 445 435 423 407 397 415 398 394 418 424 401 390 380 381 382 383 407 445 436 413 407 398 389 405 423 437 454 465 465 466 474 469 472 475 473 466 455 443 442 438 429 421 413 392 376 377 375 372 372 364 356 351 347 350 358 364 383 405 417 414 407 416 421
334 330 328 326 328 326 326 337 348 359 363 369 377 392 412 420 418 418 423 409 414 412 416 427 433 448 467 482 493 488 474 463 461 458 449 425 409 396 395 398 416 434 430 425 403 392 403 397 374 389 416 451 431 408 391 382 402 416 429 441 448 445 449 450 448 451 456 464 466 447 436 427 430 437 424 410 403 395 399 394 391 391 374 360 350 348 349 353 362 377 401 395 393 398 408 420
351 344 336 328 326 326 325 327 340 350 363 380 388 395 412 401 407 401 410 397 401 420 426 427 436 454 468 486 483 468 458 465 460 443 439 424 409 402 413 426 445 447 448 432 417 418 425 419 400 403 411 424 401 374 364 374 397 402 418 427 427 430 426 432 432 434 441 452 456 450 432 414 411 414 406 399 409 408 407 393 390 386 369 354 347 345 350 355 366 373 375 380 390 406 427 438
369 359 349 336 328 325 325 326 341 353 366 375 387 404 406 389 395 390 404 391 408 415 417 429 440 451 468 483 476 453 447 444 439 430 423 420 427 412 428 444 466 457 459 438 447 436 435 411 389 380 379 373 376 363 354 361 382 401 402 411 419 420 429 438 427 417 427 437 436 439 432 419 405 392 387 390 397 405 400 385 372 367 355 346 344 348 359 365 373 359 367 377 391 411 426 432
379 359 346 337 327 324 324 324 339 357 365 374 375 394 406 388 375 376 384 389 398 405 420 434 436 442 453 461 465 454 451 452 442 433 444 443 430 425 439 463 467 464 463 454 460 449 430 408 388 373 362 353 350 365 382 366 372 386 392 407 408 432 447 448 427 407 418 415 418 417 419 409 405 390 375 373 386 393 386 371 360 350 346 346 348 359 370 362 366 362 354 368 386 405 410 413
378 361 345 330 323 322 321 321 326 349 361 363 379 403 393 375 358 371 387 399 411 412 420 424 426 439 445 456 475 476 467 463 454 454 459 447 440 447 447 461 482 481 477 458 454 436 415 395 381 366 358 348 352 390 409 394 398 375 388 390 405 418 436 442 431 412 396 395 398 397 399 390 385 380 372 360 375 388 374 361 343 346 347 352 359 367 374 372 358 348 347 360 380 389 395 400
369 355 346 335 321 323 321 321 329 348 360 375 395 392 385 367 350 368 381 391 398 403 410 424 432 439 447 462 473 470 451 449 455 458 476 466 463 476 470 467 469 463 460 450 436 420 397 387 377 361 356 352 366 409 424 406 370 346 357 383 399 409 426 430 441 433 413 393 382 377 374 363 374 370 356 349 367 370 357 347 342 348 362 370 370 382 379 362 347 340 339 352 360 367 378 382
367 354 340 328 324 319 321 318 330 349 365 371 390 389 369 351 351 375 386 394 405 404 408 417 434 447 449 450 451 445 435 438 436 446 466 482 480 496 492 480 463 444 433 430 410 404 387 392 385 362 366 387 388 388 388 377 357 347 347 366 383 394 408 426 438 442 424 410 409 390 377 368 388 386 364 344 348 349 338 338 339 354 368 386 385 386 371 353 345 337 337 346 352 374 394 406
358 348 337 327 319 317 320 318 324 346 361 370 385 374 361 345 346 370 372 378 394 396 412 416 430 431 427 439 441 434 426 426 422 438 451 456 468 492 489 467 450 433 429 404 390 388 379 376 368 364 384 411 415 408 378 379 361 368 379 362 369 385 393 409 426 441 437 431 427 406 387 389 403 390 371 356 343 338 338 337 335 347 361 375 384 380 362 349 344 343 348 360 365 384 394 402
361 352 342 329 324 320 320 319 319 340 353 366 380 376 358 337 351 371 386 391 391 403 418 429 429 419 435 445 439 423 417 416 412 440 435 445 467 485 487 472 460 445 425 408 398 407 392 376 377 385 402 399 401 410 398 384 376 389 366 341 346 375 386 404 409 420 432 448 435 417 406 412 411 403 386 373 355 353 346 338 334 342 356 374 382 374 356 344 344 355 368 366 377 378 376 378
